max_moebius_size,model_calls_ratio,mse,mse_moebius,mse_permutation,max_neighborhood_size
0,0.0,0.0,0.0,0.0,12
1,0.003173828125,0.005320871293681523,0.014751717580704758,0.005328732724116475,12
2,0.019287109375,0.0032005310417487897,0.01259684182037381,0.009702221304636114,12
3,0.072998046875,0.006920337213381086,0.00855675344096108,0.00838365020945361,12
4,0.19384765625,0.016907681903668086,0.004819559410656801,0.0026600058196313264,12
5,0.38720703125,0.0022346600598069175,0.00170301366230401,0.0014365827235400782,12
6,0.61279296875,0.0009025451219150597,0.0004923167340854899,0.0005589408620599276,12
7,0.80615234375,8.954706655745951e-05,7.507858757530798e-05,0.00038496925298826237,12
8,0.927001953125,1.8054660193159656e-11,5.857088251903786e-12,0.0002746555612205692,12
9,0.980712890625,2.1793074916423963e-11,3.1198967020973356e-12,0.00021350649886540282,12
10,0.981201171875,2.237259608611695e-11,3.109979287985176e-12,0.00033340065158596707,12
11,0.981201171875,2.237259608611695e-11,3.109979287985176e-12,0.00030470727550319863,12
12,0.981201171875,2.237259608611695e-11,3.109979287985176e-12,0.00026073228531696657,12
