max_moebius_size,model_calls_ratio,mse,mse_moebius,mse_permutation,max_neighborhood_size
0,0.0,0.0,0.0,0.0,11
1,0.003173828125,0.01763307173840528,0.10828370586873043,0.033475988839236706,11
2,0.019287109375,0.01584661333107545,0.0664287182194318,0.06447221231812673,11
3,0.072509765625,0.033698742133539204,0.04073083954571238,0.011567861490159799,11
4,0.189208984375,0.0255168370965232,0.024039674937961775,0.011157772003409411,11
5,0.366943359375,0.014888970347627975,0.011770312981943032,0.007824125548574192,11
6,0.558349609375,0.026136470692192694,0.0052891520481345156,0.00359471821698792,11
7,0.703857421875,0.0026209568374365557,0.0009613878213113325,0.002574653185153692,11
8,0.703857421875,0.0026209568374365557,0.0009613878213113325,0.009408270167868242,11
9,0.703857421875,0.0026209568374365557,0.0009613878213113325,0.0019959809964204623,11
10,0.703857421875,0.0026209568374365557,0.0009613878213113325,0.0020921190256402633,11
11,0.703857421875,0.0026209568374365557,0.0009613878213113325,0.0015567499239242995,11
12,0.703857421875,0.0026209568374365557,0.0009613878213113325,0.0019144977261339102,11
