max_moebius_size,model_calls_ratio,mse,mse_moebius,mse_permutation,max_neighborhood_size
0,0.0,0.0,0.0,0.0,13
1,0.00164794921875,0.06795115093713443,0.1854858456273189,0.02434418424983618,13
2,0.007080078125,0.09047844615028382,0.22023015646308525,0.042692039429034684,13
3,0.02789306640625,0.07304048622653099,0.18264497241556954,0.011848008383935132,13
4,0.08160400390625,0.02541357216622178,0.057019998388046556,0.00411987672597902,13
5,0.18023681640625,0.010784573457647915,0.02789291918379616,0.0020792699821459864,13
6,0.18023681640625,0.010784573457647915,0.02789291918379616,0.00213743446140299,13
7,0.18023681640625,0.010784573457647915,0.02789291918379616,0.0010432059209668006,13
8,0.18023681640625,0.010784573457647915,0.02789291918379616,0.0007936840851827062,13
9,0.18023681640625,0.010784573457647915,0.02789291918379616,0.0008652181514847865,13
10,0.18023681640625,0.010784573457647915,0.02789291918379616,0.0011141773920055511,13
11,0.18023681640625,0.010784573457647915,0.02789291918379616,0.0019257036546038464,13
12,0.18023681640625,0.010784573457647915,0.02789291918379616,0.0009364887582907102,13
13,0.18023681640625,0.010784573457647915,0.02789291918379616,0.0013192097113176307,13
14,0.18023681640625,0.010784573457647915,0.02789291918379616,0.001674638866526298,13
