max_moebius_size,model_calls_ratio,mse,mse_moebius,mse_permutation,max_neighborhood_size
0,0.0,0.0,0.0,0.0,13
1,0.00091552734375,0.013789020364030066,0.06307257680675998,0.02434418424983618,13
2,0.00634765625,0.005169878199439012,0.03986678713933817,0.04476709182107214,13
3,0.02716064453125,0.019855609662474787,0.028589426191664324,0.019203069747066825,13
4,0.08087158203125,0.020124136059931557,0.01761767727890451,0.0035583314817374764,13
5,0.1795654296875,0.017707100463864728,0.010062638619909747,0.0017597762783331606,13
6,0.1795654296875,0.017707100463864728,0.010062638619909747,0.0018679488587667148,13
7,0.1795654296875,0.017707100463864728,0.010062638619909747,0.000904422561146615,13
8,0.1795654296875,0.017707100463864728,0.010062638619909747,0.001142670466361201,13
9,0.1795654296875,0.017707100463864728,0.010062638619909747,0.0011942102329203742,13
10,0.1795654296875,0.017707100463864728,0.010062638619909747,0.002022290638216563,13
11,0.1795654296875,0.017707100463864728,0.010062638619909747,0.0009657975241156704,13
12,0.1795654296875,0.017707100463864728,0.010062638619909747,0.0011536596988053103,13
13,0.1795654296875,0.017707100463864728,0.010062638619909747,0.000995173892702937,13
14,0.1795654296875,0.017707100463864728,0.010062638619909747,0.0012055910469475689,13
