max_moebius_size,model_calls_ratio,mse,mse_moebius,mse_permutation,max_neighborhood_size
0,0.0,0.0,0.0,0.0,12
1,0.005615234375,0.0898409071944145,0.4282455205051896,0.038960471282401335,12
2,0.021728515625,0.1457255477462575,0.454717636947163,0.04424381234076239,12
3,0.075439453125,0.04057163207187143,0.1402516704905501,0.03758523195486471,12
4,0.1962890625,0.02653621015917638,0.09059161577670549,0.013300558168412963,12
5,0.3896484375,0.014914634224122241,0.06513531261933492,0.008267134117998969,12
6,0.614990234375,0.0009418482511708359,0.018406715961193754,0.004309674758675118,12
7,0.808349609375,0.029441393749167027,0.021969952883419908,0.0012558756633805508,12
8,0.928955078125,0.023973044523995787,0.015301995296857884,0.0030472416693779476,12
9,0.982421875,0.02397342516214442,0.015302482721129385,0.0006308921133779017,12
10,0.982666015625,0.021003271933094415,0.017066743611670487,0.002209446512794893,12
11,0.982666015625,0.021003271933094415,0.017066743611670487,0.0014140950488101642,12
12,0.982666015625,0.021003271933094415,0.017066743611670487,0.0024107280476695944,12
