max_moebius_size,model_calls_ratio,mse,mse_moebius,mse_permutation,max_neighborhood_size
0,0.0,0.0,0.0,0.0,15
1,0.00048828125,0.0024210175767161164,0.017194858177412994,0.0024490642306241703,15
2,0.003692626953125,0.00088708017292254,0.014677833883790278,0.010040162197118285,15
3,0.017578125,0.020446097706031164,0.011735516282835444,0.004476960392094712,15
4,0.059234619140625,0.008027676288869997,0.00786815563472944,0.001108481979747081,15
5,0.15087890625,0.028407501235482212,0.005367812769451228,0.0004003325947751189,15
6,0.303619384765625,0.020535787485517532,0.0029096272291382896,0.00016912748808860028,15
7,0.5,0.002347626587230677,0.001378119062102636,9.181542688069345e-05,15
8,0.696380615234375,0.0035260846444110424,0.0005714628886025822,6.887666518537866e-05,15
9,0.696380615234375,0.0035260846444110424,0.0005714628886025822,6.780156248508516e-05,15
10,0.696380615234375,0.0035260846444110424,0.0005714628886025822,9.545633662042148e-05,15
11,0.696380615234375,0.0035260846444110424,0.0005714628886025822,5.342445081358848e-05,15
12,0.696380615234375,0.0035260846444110424,0.0005714628886025822,0.00013248438379633297,15
13,0.696380615234375,0.0035260846444110424,0.0005714628886025822,7.016141124290378e-05,15
14,0.696380615234375,0.0035260846444110424,0.0005714628886025822,7.958721633855998e-05,15
15,0.696380615234375,0.0035260846444110424,0.0005714628886025822,5.9984128097487845e-05,15
