max_moebius_size,model_calls_ratio,mse,mse_moebius,mse_permutation,max_neighborhood_size
0,0.0,0.0,0.0,0.0,12
1,0.003173828125,0.014466487016814557,0.09508219455422584,0.02692031991821732,12
2,0.019287109375,0.013195545393727779,0.06507028527598652,0.017114408375764445,12
3,0.072998046875,0.021748600656194394,0.04625251952094722,0.013559236566162543,12
4,0.19384765625,0.024611742113785348,0.03213591994886211,0.009347800298418685,12
5,0.38720703125,0.01661048794118411,0.019016230409730772,0.004314773733317618,12
6,0.61279296875,0.010673738060565971,0.008672304723968016,0.002251048571624608,12
7,0.80615234375,0.005529351122994242,0.002389963246748339,0.0016139869797412434,12
8,0.817138671875,0.0076564337815156775,0.0014034652167918549,0.0007234676052596078,12
9,0.817138671875,0.0076564337815156775,0.0014034652167918549,0.0007626545469802158,12
10,0.817138671875,0.0076564337815156775,0.0014034652167918549,0.002228489879200024,12
11,0.817138671875,0.0076564337815156775,0.0014034652167918549,0.0013356420555771925,12
12,0.817138671875,0.0076564337815156775,0.0014034652167918549,0.0012654753806782084,12
