max_moebius_size,model_calls_ratio,mse,mse_moebius,mse_permutation,max_neighborhood_size
0,0.0,0.0,0.0,0.0,11
1,0.00537109375,0.14171106381584953,0.5246412079988491,0.033475988839236706,11
2,0.021484375,0.1632177867251911,0.4544920890275892,0.07241204758659218,11
3,0.07470703125,0.08110651316023801,0.22888655742300473,0.01930197703117854,11
4,0.19140625,0.01731086513581602,0.08500434330357537,0.00440365839148967,11
5,0.369140625,0.011041151340362295,0.050989360682753504,0.003447044209976181,11
6,0.560302734375,0.009567752517836566,0.054601375586114664,0.003485765858715214,11
7,0.70556640625,0.05853710439602445,0.11997885288940785,0.0020789775730919143,11
8,0.70556640625,0.05853710439602445,0.11997885288940785,0.0024758123861302116,11
9,0.70556640625,0.05853710439602445,0.11997885288940785,0.0017939122328459237,11
10,0.70556640625,0.05853710439602445,0.11997885288940785,0.002168179324663318,11
11,0.70556640625,0.05853710439602445,0.11997885288940785,0.002147029456700194,11
12,0.70556640625,0.05853710439602445,0.11997885288940785,0.0017593288858559007,11
