max_moebius_size,model_calls_ratio,mse,mse_moebius,mse_permutation,max_neighborhood_size
0,0.0,0.0,0.0,0.0,12
1,0.005615234375,0.01593754767531519,0.10279931408308848,0.002102473900306299,12
2,0.021728515625,0.0024701901629798585,0.017334832754908935,0.002752252907088428,12
3,0.075439453125,0.005209790856590117,0.07037231305771594,0.002749491305693746,12
4,0.1962890625,0.009406675759505427,0.04691974286444302,0.001841532335522339,12
5,0.3896484375,0.008093294112143318,0.01962490483136035,0.0008518230295294445,12
6,0.614990234375,0.001650066661952686,0.00511298101357003,0.00034870656180374134,12
7,0.80810546875,0.009555959146513856,0.02517392689117996,0.00030434236697932186,12
8,0.818603515625,0.007856554467653189,0.022721109342109816,0.00018952416778932974,12
9,0.818603515625,0.007856554467653189,0.022721109342109816,0.00019801675209424173,12
10,0.818603515625,0.007856554467653189,0.022721109342109816,0.0002463747437147232,12
11,0.818603515625,0.007856554467653189,0.022721109342109816,0.00020910946607146844,12
12,0.818603515625,0.007856554467653189,0.022721109342109816,0.0003217283235685591,12
