max_moebius_size,model_calls_ratio,mse,mse_moebius,mse_permutation,max_neighborhood_size
0,0.0,0.0,0.0,0.0,15
1,0.00091552734375,0.2410831463864235,0.8775757358340386,0.0024490642306241703,15
2,0.004119873046875,0.02796492294328022,0.10662748885717056,0.00842791098992879,15
3,0.01800537109375,0.18054460228774882,0.7713571607018449,0.004281539523016135,15
4,0.059661865234375,0.013683330975747516,0.040931016112508725,0.002031650692487147,15
5,0.15130615234375,0.0369378937525456,0.15505056027729422,0.0004277756556899264,15
6,0.30401611328125,0.004520094849677445,0.03593276797832108,0.00018470116720224712,15
7,0.500396728515625,0.04571835606695683,0.05660339318961344,4.567749360445877e-05,15
8,0.696746826171875,0.07447496751540646,0.08408799819095196,6.600804712072558e-05,15
9,0.696746826171875,0.07447496751540646,0.08408799819095196,9.152460499908955e-05,15
10,0.696746826171875,0.07447496751540646,0.08408799819095196,6.958019825265238e-05,15
11,0.696746826171875,0.07447496751540646,0.08408799819095196,5.074601304234217e-05,15
12,0.696746826171875,0.07447496751540646,0.08408799819095196,5.2209597243433746e-05,15
13,0.696746826171875,0.07447496751540646,0.08408799819095196,6.781445607103326e-05,15
14,0.696746826171875,0.07447496751540646,0.08408799819095196,6.353189206882372e-05,15
15,0.696746826171875,0.07447496751540646,0.08408799819095196,5.487262254770547e-05,15
